[[ 1.9167769   0.38381568  2.80591776 -0.95645791  1.34533892  0.72917523
   0.2560113  -0.33314    -4.05413922 -0.65221601  0.12112615  1.83493485
  -1.53908223  0.06357681 -0.37680783  1.21960308 -0.49829458 -0.16407239
  -1.07967353  0.44990695  3.23388242  0.44632172 -2.2436989  -0.82115063]
 [-1.05854818 -1.16706368  1.79971806  0.77857931 -3.42962605  0.60055913
   1.00456818  0.64326158  1.22187868 -0.48401878  0.361453    0.3070225
   0.97357163  0.18551258  0.0578487   0.12738343 -0.37560889 -0.08761915
  -0.0754026   0.27897744  0.04709612  0.39925407 -0.12588273  0.05234097]
 [-0.85822872  0.783248   -4.60563582  0.17787859  2.08428714 -1.32973437
  -1.26057948 -0.31012158  2.83226054  1.13623479 -0.48257915 -2.14195735
   0.56551059 -0.24908939  0.31895913 -1.34698652  0.87390347  0.25169154
   1.15507613 -0.72888439 -3.28097855 -0.84557579  2.36958164  0.76880966]]
