[[ -0.58134339   0.1821898    6.193388    -3.23444581 -12.84932549
   -0.27898784   3.2609375    4.9629528   -1.69150143   0.49701579
    0.14134117  -1.28977384  -4.58623685   0.46325285  -4.52763199
    2.32946558  -3.61763231  -0.06077768  -6.37240219   1.31103788
    2.96822098   1.38811375  -9.26630889   2.49618757]
 [  0.9009406   -7.69112346   7.725633    -1.54370248  -0.16549493
    3.12451029  -0.6753      -5.32993926  -5.64707105  -0.55574099
   -0.96436094   0.74842078   4.07743199   1.96769755  -1.97622967
   -0.30590969   3.94144288  -1.60191369  -3.1553943   -1.15379669
   -1.70848199   3.37099401  -3.67359367   3.68872635]
 [ -4.67611498   0.14212867  -1.22867761  -0.86604285   1.06976598
   -0.15555809   0.86950635   0.24717432   1.92691826   0.0862979
   -0.01760151   0.03398701  -0.76839897  -0.01848909   0.67852296
    0.5382199    3.21066935  -0.12626215   0.34330346  -0.34240615
   -4.21273537  -0.34424332   0.92579534   1.42385083]
 [  1.47048644  -1.13720675  -5.23824833   1.09420522   1.30643409
    0.87130475  -1.68293321  -0.94017193   0.86847949   0.64887712
   -3.69208958  -1.05738183   1.03686594   0.67243313  -3.37478026
   -0.42309936   0.36971117   0.64591238  -3.55861207  -1.17876365
    1.31932655   1.25343086  -3.67490175  -1.30795761]
 [  0.93583552  -2.29630175   0.83334055   0.99812421   0.56233986
    1.37061089  -0.65525901  -0.54881134  -0.80174506   0.72377287
    0.09983706  -0.42058069   1.16817344   0.67687353  -0.36447352
   -0.27817438  -1.93090888   0.58116282  -0.22863627  -0.50540045
    1.58325038   2.24198013  -0.64822544  -0.70992041]]
