[[ 1.36721141e+00  1.11702136e-01  5.31321449e-01 -8.70710900e-01
  -1.21664058e+00  6.86692612e-02  3.11405158e-01  3.20558002e-01
   9.98108582e-01 -8.30951945e-02 -1.14302138e-01 -1.28590188e-01
  -1.00614371e+00 -6.80704801e-02 -1.46534770e-01  4.47615037e-01
   8.38259160e-01 -1.01904499e-02 -2.39475545e-01 -1.88211240e-01
  -4.23943789e-01 -2.33304911e-02 -6.91094115e-01  4.25850526e-01]
 [-7.36649072e+00 -1.13826501e-01  5.13886193e-02  5.26859880e-01
   3.49646502e+00 -4.83009381e-02 -1.24802733e-01 -2.89201966e-01
  -1.66837233e+00  3.12223038e-02  2.01643055e-01  2.85501958e-01
   3.05061320e+00  4.40678343e-02  2.58639061e-01 -3.36740202e-01
  -4.83716900e-01  2.06455157e-02  1.67576261e-02  9.33492484e-02
   2.34676965e+00  8.62935297e-02  3.70745791e-01 -1.88715385e-01]
 [ 5.99927930e+00  2.12436541e-03 -5.82710069e-01  3.43851020e-01
  -2.27982443e+00 -2.03683232e-02 -1.86602426e-01 -3.13560359e-02
   6.70263746e-01  5.18728907e-02 -8.73409175e-02 -1.56911770e-01
  -2.04446948e+00  2.40026457e-02 -1.12104291e-01 -1.10874835e-01
  -3.54542259e-01 -1.04550657e-02  2.22717919e-01  9.48619918e-02
  -1.92282586e+00 -6.29630386e-02  3.20348324e-01 -2.37135140e-01]]
