[[ 4.17992907e+01  1.13977110e+00  7.67145981e-04 -2.27076204e-01
  -1.34049662e+01 -5.57736325e-01  3.48690253e-02  1.39118891e-01
  -2.45407555e-01 -3.55319024e-01  2.69079021e-02  7.00693702e-02
  -1.33833423e+01 -1.01298452e-01 -2.33810914e-02  4.84857393e-02
  -5.57485155e-01 -2.85892793e-01  1.89001289e-02  6.70958917e-03
  -1.48880461e+01 -1.52438593e-02 -4.82117340e-02 -1.32241772e-01]
 [-3.81834482e+00 -6.67785582e-01  3.18810880e-02  3.19490880e-02
   1.24197422e+00  1.61260301e-01  1.51013581e-02  4.12707121e-02
   8.75512350e-02 -2.11314123e-02  1.66134229e-02  1.11352368e-02
   1.02829439e+00 -2.11615618e-01  1.63892079e-02  5.74062734e-02
   4.21720784e-01  2.14452767e-01  1.99894790e-04  6.46357683e-03
   1.05533101e+00 -1.75075778e-01  3.96116625e-02  2.39836743e-01]
 [-3.71914007e+01  2.06771700e-01 -4.37675571e-02  1.06026951e-01
   1.19828439e+01 -2.63818921e-01  3.23238079e-02  5.97768382e-03
   1.15954227e-01  1.26315550e-01  1.19154449e-02  3.95909758e-02
   1.19696647e+01 -1.87902533e-01  5.06203688e-02  1.98523393e-02
   2.84584197e-01 -4.27770363e-02  1.22695028e-02  2.26489347e-02
   1.34678696e+01 -4.32465823e-01  6.82984049e-02  1.10050268e-01]
 [-1.82743615e-01 -1.80165285e-01 -2.42999382e-01 -9.35966853e-02
  -4.23425870e-01  3.96676011e-01 -1.05659628e-02 -1.61707378e-01
   6.23197436e-01  3.03584259e-01 -4.61865008e-02 -1.35918096e-01
  -4.24356262e-01  4.04261607e-01  1.06641312e-02 -1.07132092e-01
   7.59207499e-01 -1.20815734e-01  7.08218921e-03  9.57210080e-02
  -7.06623437e-01  3.29962922e-01  4.52218016e-02 -1.78607114e-01]
 [-6.06801574e-01 -4.98591933e-01  2.54118705e-01  1.82696850e-01
   6.03573928e-01  2.63618934e-01 -7.17282285e-02 -2.46599092e-02
  -5.81295343e-01 -5.34493724e-02 -9.25026916e-03  1.51225134e-02
   8.09739528e-01  9.65549956e-02 -5.42926166e-02 -1.86122595e-02
  -9.08027326e-01  2.35032797e-01 -3.84517157e-02 -1.31543109e-01
   1.07146893e+00  2.92822538e-01 -1.04920135e-01 -3.90381252e-02]]
