[[-0.15277004  0.13195159  1.06190077 -1.26083257 -0.6804122   0.1804584
   0.28597141  0.33398822  1.41104411 -0.25462509 -0.13691062 -0.08866203
  -0.32416915 -0.08439475 -0.37640465  0.56250899  1.03779618  0.01098748
  -0.46235773 -0.24644502 -0.04249738  0.25522791 -1.13143625  0.60666242]
 [-0.34355262 -0.13627852  0.45852563  0.51131108  1.63807439 -0.0272863
   0.12087978 -0.35793005 -3.23680078 -0.07712899  0.39547092  0.60397365
   0.78534435  0.04246337  0.71530442 -0.32341127 -0.76055175  0.04176729
   0.20278308  0.11369837 -1.08181577  0.36322654  0.85599802 -0.0207592 ]
 [ 0.49632267  0.00432693 -1.5204264   0.74952149 -0.95766219 -0.1531721
  -0.4068512   0.02394182  1.82575667  0.33175408 -0.2585603  -0.51531162
  -0.4611752   0.04193138 -0.33889977 -0.23909772 -0.27724443 -0.05275478
   0.25957465  0.13274665  1.12431314 -0.61845445  0.27543823 -0.58590322]]
