[[-2.00370865  4.64800048 -0.22549267  0.90034207 -2.59746284 -2.59037699
  -0.20962794  2.13244499 -2.29397062 -1.10939748 -0.26923426  0.46778442
  -2.31024381 -1.0582664  -0.37763513  0.75715038 -2.13716159 -0.95970765
  -0.4406194   0.7075994  -1.36884822  1.24755739 -0.5177669   0.39088611]
 [ 1.11081277 -7.44653591  1.41145973  0.37769166  0.8102577   1.02459888
   0.85525976 -0.94886647  0.53598321 -0.3243358   0.63863391 -0.95021491
   0.99310054  0.41852087  0.58819986 -0.06244762  1.19487825 -0.70104072
   0.67769829 -0.33421916  1.43727683 -2.40243012  0.54396808  2.77717374]
 [-1.50602587  3.30822571  0.16655549 -0.38970984 -0.36507216 -1.67273236
   1.3241054   0.59440248 -0.23825383 -1.09100685  1.65565798  1.97138211
  -0.60762703 -1.7901165   2.03474442  0.66598261 -0.85357248 -0.60995194
   1.84107091  1.39903696 -2.97397544 -1.80755683  1.82465019 -0.84285108]
 [ 1.23440776  0.66678722 -3.1532696  -1.21660509  1.30469114  1.42693117
  -2.24201464 -0.87936046  1.37408574  0.8731362  -2.30444329 -0.97678938
   1.38262403  1.13474522 -2.32410748 -0.79187625  1.31104667  1.12888357
  -2.33191298 -0.7218584   0.96850797  2.51451251 -2.30097696 -1.36822137]
 [ 1.16451399 -1.1764775   1.80074704  0.32828121  0.84758616  1.8115793
   0.27227742 -0.89862053  0.62215549  1.65160393  0.27938567 -0.51216224
   0.54214627  1.2951168   0.07879833 -0.56880913  0.48480915  1.14181674
   0.25376318 -1.05055881  1.93703886  0.44791705  0.45012559 -0.9569874 ]]
