[[ 2.98198424e+01  4.68053373e-01  1.77480862e+00 -5.67589317e+00
  -7.40077147e+00  3.57028802e-02 -1.02593888e+00  1.09045922e+00
  -2.98494113e+00 -1.09349464e-01  5.05430946e-01  8.82693614e-01
  -9.12558585e+00 -9.42167242e-02 -4.57154855e-01  1.88565399e+00
  -6.83568159e-01 -4.66907428e-02 -4.08477526e-01  3.08621425e-01
  -9.40714916e+00 -8.75692455e-02 -1.00461070e+00  2.44078844e+00]
 [-1.17802149e+01 -3.75589535e-01 -9.65595310e-02  2.18643801e+00
   2.68950360e+00 -2.60175046e-02  4.20577890e-01 -3.42031260e-01
   7.86692703e-01  4.58391353e-02 -1.02318181e-01 -2.65090052e-01
   3.77670451e+00  5.24489139e-02  2.03097724e-01 -7.68526761e-01
   4.63273728e-02  4.06040332e-02  8.86220471e-02 -7.98011675e-02
   4.12934961e+00  5.60851571e-02  3.23103894e-01 -1.06173828e+00]
 [-1.80396275e+01 -9.24638379e-02 -1.67824909e+00  3.48945516e+00
   4.71126787e+00 -9.68537563e-03  6.05360991e-01 -7.48427961e-01
   2.19824843e+00  6.35103289e-02 -4.03112765e-01 -6.17603562e-01
   5.34888133e+00  4.17678103e-02  2.54057131e-01 -1.11712723e+00
   6.37240786e-01  6.08670957e-03  3.19855479e-01 -2.28820257e-01
   5.27779955e+00  3.14840884e-02  6.81506804e-01 -1.37905016e+00]]
